0.0584315 0.180545 0.0924941 0.0887917 0.0595759 
0.0675194 0.00727028 0.0259845 0.0189835 0.00471222 
0.0652979 0.0139347 0.0314372 0.0306967 0.00982834 
0.0494783 0.00727028 0.0314372 0.0370919 0.0588354 
0.0222147 0.125008 0.0671828 0.17038 0.117065 
0.043487 0.00249074 0.0137327 0.0173679 0.00639515 
0.0461124 0.00632784 0.0287445 0.0327836 0.0115113 
0.0358129 0.0406597 0.00982834 0.0190508 0.0288118 
0.0121171 0.107573 0.0789633 0.0705486 0.0257152 
0.0151464 0.000875126 0.00397173 0.00282733 0.000201952 
0.0288792 0.00767418 0.0221474 0.0384382 0.0208684 
0.0420734 0.0521037 0.0654998 0.0584988 0.0362841 
0.0640188 0.014204 0.0390441 0.0299562 0.0152811 
0.0315045 0.0261192 0.0753282 0.0595759 0.0416022 
0.0236957 0.162504 0.0749243 0.0556715 0.0340626 
0.0760687 0.016762 0.0286772 0.0313699 0.0111074 
0.00693369 0.00107708 0.00121171 0.000201952 0.000336587 
0.0535173 0.0685964 0.0911478 0.0544598 0.0496129 
0.112151 0.00760687 0.0412656 0.0395826 0.29209 
0.0593739 0.0172333 0.0494783 0.0699428 0.0535173 
0.0146079 0.0920902 0.0507573 0.0331202 0.00646247 
0.0191181 0.00383709 0.0187142 0.0119152 0.000336587 
0.0292158 0.0119152 0.0205318 0.00962639 0.00457758 
0.00121171 0.004241 0.00982834 0.00100976 0.00565466 
0.0138001 0.0200606 0.0165601 0.00834736 0.102794 
0.00821272 0.00201952 0.0111074 0.00976102 0.00276001 
